0.0000 15.0000 40.0000
1.9182 14.8769 40.0000
3.8048 14.5094 40.0000
5.6290 13.9038 40.0000
7.3608 13.0698 40.0000
8.9717 12.0212 40.0000
10.4352 10.7752 40.0000
11.7275 9.3523 40.0000
12.8271 7.7759 40.0000
13.7162 6.0718 40.0000
14.3800 4.2679 40.0000
14.8077 2.3940 40.0000
14.9923 0.4808 40.0000
14.9307 -1.4403 40.0000
14.6239 -3.3378 40.0000
14.0770 -5.1805 40.0000
13.2990 -6.9381 40.0000
12.3026 -8.5817 40.0000
11.1042 -10.0845 40.0000
9.7234 -11.4217 40.0000
8.1830 -12.5713 40.0000
6.5083 -13.5145 40.0000
4.7266 -14.2358 40.0000
2.8674 -14.7234 40.0000
0.9611 -14.9692 40.0000
-0.9611 -14.9692 40.0000
-2.8674 -14.7234 40.0000
-4.7266 -14.2358 40.0000
-6.5083 -13.5145 40.0000
-8.1830 -12.5713 40.0000
-9.7234 -11.4217 40.0000
-11.1042 -10.0845 40.0000
-12.3026 -8.5817 40.0000
-13.2990 -6.9381 40.0000
-14.0770 -5.1805 40.0000
-14.6239 -3.3378 40.0000
-14.9307 -1.4403 40.0000
-14.9923 0.4808 40.0000
-14.8077 2.3940 40.0000
-14.3800 4.2679 40.0000
-13.7162 6.0718 40.0000
-12.8271 7.7759 40.0000
-11.7275 9.3523 40.0000
-10.4352 10.7752 40.0000
-8.9717 12.0212 40.0000
-7.3608 13.0698 40.0000
-5.6290 13.9038 40.0000
-3.8048 14.5094 40.0000
-1.9182 14.8769 40.0000
-0.0000 15.0000 40.0000
