20.0000 -4.9749 42.3716
20.0000 -5.0949 42.4516
20.0000 -5.2749 42.6116
20.0000 -5.4349 42.7116
20.0000 -5.6549 42.7716
20.0000 -5.8149 42.8516
20.0000 -6.1549 42.8716
20.0000 -6.3949 42.8316
20.0000 -6.6549 42.7116
20.0000 -6.8749 42.5516
20.0000 -7.1549 42.2916
20.0000 -7.3549 42.0916
20.0000 -7.5149 41.8916
20.0000 -7.6749 41.7116
20.0000 -7.8149 41.4716
20.0000 -7.9149 41.2716
20.0000 -8.0549 40.9516
20.0000 -8.1949 40.7116
20.0000 -8.3149 40.3316
20.0000 -8.4349 39.9516
20.0000 -8.4749 39.5916
20.0000 -8.4949 39.2516
20.0000 -8.4749 38.8716
20.0000 -8.3549 38.4916
20.0000 -8.1149 38.1116
20.0000 -7.8549 37.8916
20.0000 -7.5949 37.6916
20.0000 -7.3349 37.5516
20.0000 -7.0149 37.4516
20.0000 -6.7549 37.4316
20.0000 -6.4149 37.4716
20.0000 -6.1149 37.4916
20.0000 -5.7749 37.5716
20.0000 -5.4949 37.6716
20.0000 -5.1949 37.7916
20.0000 -4.9349 37.9316
20.0000 -4.7149 38.1316
20.0000 -4.5349 38.3116
20.0000 -4.3749 38.4916
20.0000 -4.1349 38.6916
20.0000 -4.0349 38.8916
20.0000 -3.8549 39.1316
20.0000 -3.6549 39.3716
20.0000 -3.5349 39.5116
20.0000 -3.3749 39.7116
20.0000 -3.1949 39.9716
20.0000 -3.0149 40.2516
20.0000 -2.8749 40.5516
20.0000 -2.6549 40.7716
20.0000 -2.5749 40.9916
20.0000 -2.4949 41.2916
20.0000 -2.4549 41.6116
20.0000 -2.3749 41.9116
20.0000 -2.3349 42.1516
20.0000 -2.3149 42.4316
20.0000 -2.3749 42.1916
20.0000 -2.3749 41.9516
20.0000 -2.3949 41.6516
20.0000 -2.4149 41.3716
20.0000 -2.4549 41.1116
20.0000 -2.4749 40.8116
20.0000 -2.5349 40.5916
20.0000 -2.5749 40.3316
20.0000 -2.6149 40.0916
20.0000 -2.6549 39.8316
20.0000 -2.6949 39.6516
20.0000 -2.6949 39.4116
20.0000 -2.7749 39.1116
20.0000 -2.7949 38.8516
20.0000 -2.8149 38.5316
20.0000 -2.8549 38.3316
20.0000 -2.8749 38.0316
20.0000 -2.8749 37.7916
20.0000 -2.8749 37.5316
20.0000 -2.8149 37.7716
20.0000 -2.8149 37.9916
20.0000 -2.7749 38.2516
20.0000 -2.7549 38.5516
20.0000 -2.7549 38.8316
20.0000 -2.7149 39.0916
20.0000 -2.6349 39.3316
20.0000 -2.5549 39.6116
20.0000 -2.4549 39.9116
20.0000 -2.3749 40.1316
20.0000 -2.2749 40.2916
20.0000 -2.1349 40.5316
20.0000 -2.0349 40.7316
20.0000 -1.9549 40.8916
20.0000 -1.8549 41.0316
20.0000 -1.7349 41.1916
20.0000 -1.6149 41.3516
20.0000 -1.4749 41.4716
20.0000 -1.3349 41.5516
20.0000 -1.1749 41.5916
20.0000 -1.0349 41.5516
20.0000 -0.8749 41.5116
20.0000 -0.7349 41.3916
20.0000 -0.5949 41.2516
20.0000 -0.4749 41.1116
20.0000 -0.3349 40.9116
20.0000 -0.2349 40.7316
20.0000 -0.2149 40.4916
20.0000 -0.1749 40.1716
20.0000 -0.1349 39.8916
20.0000 -0.0949 39.6316
20.0000 -0.0749 39.3716
20.0000 -0.0749 39.0916
20.0000 -0.0749 38.8116
20.0000 -0.0549 38.5916
20.0000 -0.0749 38.3316
20.0000 -0.0949 38.0716
20.0000 -0.1349 37.8716
20.0000 -0.1349 37.7516
20.0000 -0.1149 37.8916
20.0000 -0.0749 37.9916
20.0000 -0.0149 38.2516
20.0000 0.0051 38.5516
20.0000 0.0251 38.7516
20.0000 0.0451 39.0116
20.0000 0.0651 39.2116
20.0000 0.0651 39.4116
20.0000 0.1251 39.6516
20.0000 0.1451 39.8516
20.0000 0.1651 39.9916
20.0000 0.1851 40.1316
20.0000 0.2451 40.3716
20.0000 0.3451 40.5316
20.0000 0.4251 40.7116
20.0000 0.5251 40.8716
20.0000 0.6251 41.0316
20.0000 0.7051 41.1716
20.0000 0.8051 41.2916
20.0000 0.9251 41.3916
20.0000 1.1651 41.4916
20.0000 1.4051 41.5716
20.0000 1.5651 41.5916
20.0000 1.7251 41.5716
20.0000 1.8251 41.4916
20.0000 1.9451 41.2916
20.0000 2.0851 41.0716
20.0000 2.1851 40.8316
20.0000 2.2451 40.6716
20.0000 2.2651 40.4516
20.0000 2.3051 40.2516
20.0000 2.3051 40.0716
20.0000 2.3051 39.7916
20.0000 2.2851 39.5516
20.0000 2.3051 39.2916
20.0000 2.3251 38.9316
20.0000 2.3851 38.6316
20.0000 2.5051 38.4116
20.0000 2.6251 38.1916
20.0000 2.7651 38.0316
20.0000 3.0451 37.8916
20.0000 3.2851 37.8316
20.0000 3.5251 37.8516
20.0000 3.7251 37.9316
20.0000 3.8251 38.0916
20.0000 3.9651 38.3716
20.0000 4.1251 38.5716
20.0000 4.2251 38.7516
20.0000 4.3651 39.0316
20.0000 4.4451 39.2116
20.0000 4.5251 39.4516
20.0000 4.6051 39.6516
20.0000 4.7051 39.8916
20.0000 4.7451 40.0716
20.0000 4.8251 40.2916
20.0000 4.8651 40.6316
20.0000 4.9051 40.8916
20.0000 4.9451 41.1916
20.0000 4.9851 41.4916
20.0000 5.0451 41.7716
20.0000 5.1051 42.0316
20.0000 4.9851 41.9516
20.0000 4.9851 41.6116
20.0000 4.9451 41.1316
20.0000 4.9051 40.6516
20.0000 4.9051 40.1716
20.0000 4.8651 39.7316
20.0000 4.8651 39.3716
20.0000 4.8651 38.9116
20.0000 4.9051 38.5716
20.0000 5.0651 38.2916
20.0000 5.3851 38.1716
20.0000 5.6451 38.2516
20.0000 5.8651 38.3916
20.0000 6.0451 38.5516
20.0000 6.2651 38.7316
20.0000 6.4651 38.9116
20.0000 6.6251 39.1916
20.0000 6.8251 39.3916
20.0000 7.0051 39.6516
20.0000 7.2251 39.9916
20.0000 7.3851 40.3116
20.0000 7.4651 40.5516
20.0000 7.5051 40.8316
20.0000 7.5251 41.1516
20.0000 7.5251 41.4516
20.0000 7.5251 41.6916
20.0000 7.5251 41.9716
20.0000 7.5051 42.2316
20.0000 7.5251 42.5916
20.0000 7.5251 42.7916
20.0000 7.5051 42.4916
20.0000 7.5851 42.0516
20.0000 7.5451 41.5316
20.0000 7.5251 40.9516
20.0000 7.4651 40.4316
20.0000 7.4451 39.9516
20.0000 7.4651 39.5516
20.0000 7.5851 39.0916
20.0000 7.8851 38.6116
20.0000 8.1251 38.2316
20.0000 8.3251 38.0316
