18.0000 0.0000 37.0400
17.2653 0.0000 38.0764
16.5306 0.0000 39.0696
15.7959 0.0000 40.0196
15.0612 0.0000 40.9264
14.3265 0.0000 41.7900
13.5918 0.0000 42.6105
12.8571 0.0000 43.3878
12.1224 0.0000 44.1218
11.3878 0.0000 44.8128
10.6531 0.0000 45.4605
9.9184 0.0000 46.0650
9.1837 0.0000 46.6264
8.4490 0.0000 47.1446
7.7143 0.0000 47.6196
6.9796 0.0000 48.0514
6.2449 0.0000 48.4400
5.5102 0.0000 48.7855
4.7755 0.0000 49.0878
4.0408 0.0000 49.3469
3.3061 0.0000 49.5628
2.5714 0.0000 49.7355
1.8367 0.0000 49.8651
1.1020 0.0000 49.9514
0.3673 0.0000 49.9946
-0.3673 0.0000 49.9946
-1.1020 0.0000 49.9514
-1.8367 0.0000 49.8651
-2.5714 0.0000 49.7355
-3.3061 0.0000 49.5628
-4.0408 0.0000 49.3469
-4.7755 0.0000 49.0878
-5.5102 0.0000 48.7855
-6.2449 0.0000 48.4400
-6.9796 0.0000 48.0514
-7.7143 0.0000 47.6196
-8.4490 0.0000 47.1446
-9.1837 0.0000 46.6264
-9.9184 0.0000 46.0650
-10.6531 0.0000 45.4605
-11.3878 0.0000 44.8128
-12.1224 0.0000 44.1218
-12.8571 0.0000 43.3878
-13.5918 0.0000 42.6105
-14.3265 0.0000 41.7900
-15.0612 0.0000 40.9264
-15.7959 0.0000 40.0196
-16.5306 0.0000 39.0696
-17.2653 0.0000 38.0764
-18.0000 0.0000 37.0400
