-14.0000 -7.9249 41.0000
-13.8692 -7.7144 41.0000
-13.7383 -7.3721 41.0000
-13.6075 -6.9037 41.0000
-13.4766 -6.3173 41.0000
-13.3458 -5.6230 41.0000
-13.2150 -4.8325 41.0000
-13.0841 -3.9594 41.0000
-12.9533 -3.0186 41.0000
-12.8224 -2.0262 41.0000
-12.6916 -0.9991 41.0000
-12.5607 0.0450 41.0000
-12.4299 1.0883 41.0000
-12.2991 2.1131 41.0000
-12.1682 3.1017 41.0000
-12.0374 4.0373 41.0000
-11.9065 4.9039 41.0000
-11.7757 5.6866 41.0000
-11.6449 6.3721 41.0000
-11.5140 6.9487 41.0000
-11.3832 7.4065 41.0000
-11.2523 7.7377 41.0000
-11.1215 7.9367 41.0000
-10.9907 7.9999 41.0000
-10.8598 7.9264 41.0000
-10.7290 7.7174 41.0000
-10.5981 7.3764 41.0000
-10.4673 6.9094 41.0000
-10.3364 6.3242 41.0000
-10.2056 5.6310 41.0000
-10.0748 4.8414 41.0000
-9.9439 3.9691 41.0000
-9.8131 3.0290 41.0000
-9.6822 2.0370 41.0000
-9.5514 1.0103 41.0000
-9.4206 -0.0337 41.0000
-9.2897 -1.0772 41.0000
-9.1589 -2.1022 41.0000
-9.0280 -3.0913 41.0000
-8.8972 -4.0276 41.0000
-8.7664 -4.8950 41.0000
-8.6355 -5.6787 41.0000
-8.5047 -6.3653 41.0000
-8.3738 -6.9431 41.0000
-8.2430 -7.4023 41.0000
-8.1121 -7.7349 41.0000
-7.9813 -7.9352 41.0000
-7.8505 -8.0000 41.0000
-7.7196 -7.9279 41.0000
-7.5888 -7.7203 41.0000
-7.4579 -7.3808 41.0000
-7.3271 -6.9150 41.0000
-7.1963 -6.3311 41.0000
-7.0654 -5.6389 41.0000
-6.9346 -4.8504 41.0000
-6.8037 -3.9789 41.0000
-6.6729 -3.0394 41.0000
-6.5421 -2.0479 41.0000
-6.4112 -1.0214 41.0000
-6.2804 0.0225 41.0000
-6.1495 1.0660 41.0000
-6.0187 2.0914 41.0000
-5.8879 3.0809 41.0000
-5.7570 4.0178 41.0000
-5.6262 4.8861 41.0000
-5.4953 5.6708 41.0000
-5.3645 6.3585 41.0000
-5.2336 6.9376 41.0000
-5.1028 7.3980 41.0000
-4.9720 7.7320 41.0000
-4.8411 7.9338 41.0000
-4.7103 8.0000 41.0000
-4.5794 7.9294 41.0000
-4.4486 7.7233 41.0000
-4.3178 7.3851 41.0000
-4.1869 6.9207 41.0000
-4.0561 6.3380 41.0000
-3.9252 5.6469 41.0000
-3.7944 4.8593 41.0000
-3.6636 3.9886 41.0000
-3.5327 3.0498 41.0000
-3.4019 2.0588 41.0000
-3.2710 1.0326 41.0000
-3.1402 -0.0112 41.0000
-3.0093 -1.0549 41.0000
-2.8785 -2.0805 41.0000
-2.7477 -3.0706 41.0000
-2.6168 -4.0081 41.0000
-2.4860 -4.8772 41.0000
-2.3551 -5.6628 41.0000
-2.2243 -6.3517 41.0000
-2.0935 -6.9319 41.0000
-1.9626 -7.3937 41.0000
-1.8318 -7.7291 41.0000
-1.7009 -7.9324 41.0000
-1.5701 -8.0000 41.0000
-1.4393 -7.9309 41.0000
-1.3084 -7.7262 41.0000
-1.1776 -7.3894 41.0000
-1.0467 -6.9263 41.0000
-0.9159 -6.3448 41.0000
-0.7850 -5.6549 41.0000
-0.6542 -4.8682 41.0000
-0.5234 -3.9984 41.0000
-0.3925 -3.0602 41.0000
-0.2617 -2.0696 41.0000
-0.1308 -1.0437 41.0000
-0.0000 -0.0000 41.0000
0.1308 1.0437 41.0000
0.2617 2.0696 41.0000
0.3925 3.0602 41.0000
0.5234 3.9984 41.0000
0.6542 4.8682 41.0000
0.7850 5.6549 41.0000
0.9159 6.3448 41.0000
1.0467 6.9263 41.0000
1.1776 7.3894 41.0000
1.3084 7.7262 41.0000
1.4393 7.9309 41.0000
1.5701 8.0000 41.0000
1.7009 7.9324 41.0000
1.8318 7.7291 41.0000
1.9626 7.3937 41.0000
2.0935 6.9319 41.0000
2.2243 6.3517 41.0000
2.3551 5.6628 41.0000
2.4860 4.8772 41.0000
2.6168 4.0081 41.0000
2.7477 3.0706 41.0000
2.8785 2.0805 41.0000
3.0093 1.0549 41.0000
3.1402 0.0112 41.0000
3.2710 -1.0326 41.0000
3.4019 -2.0588 41.0000
3.5327 -3.0498 41.0000
3.6636 -3.9886 41.0000
3.7944 -4.8593 41.0000
3.9252 -5.6469 41.0000
4.0561 -6.3380 41.0000
4.1869 -6.9207 41.0000
4.3178 -7.3851 41.0000
4.4486 -7.7233 41.0000
4.5794 -7.9294 41.0000
4.7103 -8.0000 41.0000
4.8411 -7.9338 41.0000
4.9720 -7.7320 41.0000
5.1028 -7.3980 41.0000
5.2336 -6.9376 41.0000
5.3645 -6.3585 41.0000
5.4953 -5.6708 41.0000
5.6262 -4.8861 41.0000
5.7570 -4.0178 41.0000
5.8879 -3.0809 41.0000
6.0187 -2.0914 41.0000
6.1495 -1.0660 41.0000
6.2804 -0.0225 41.0000
6.4112 1.0214 41.0000
6.5421 2.0479 41.0000
6.6729 3.0394 41.0000
6.8037 3.9789 41.0000
6.9346 4.8504 41.0000
7.0654 5.6389 41.0000
7.1963 6.3311 41.0000
7.3271 6.9150 41.0000
7.4579 7.3808 41.0000
7.5888 7.7203 41.0000
7.7196 7.9279 41.0000
7.8505 8.0000 41.0000
7.9813 7.9352 41.0000
8.1121 7.7349 41.0000
8.2430 7.4023 41.0000
8.3738 6.9431 41.0000
8.5047 6.3653 41.0000
8.6355 5.6787 41.0000
8.7664 4.8950 41.0000
8.8972 4.0276 41.0000
9.0280 3.0913 41.0000
9.1589 2.1022 41.0000
9.2897 1.0772 41.0000
9.4206 0.0337 41.0000
9.5514 -1.0103 41.0000
9.6822 -2.0370 41.0000
9.8131 -3.0290 41.0000
9.9439 -3.9691 41.0000
10.0748 -4.8414 41.0000
10.2056 -5.6310 41.0000
10.3364 -6.3242 41.0000
10.4673 -6.9094 41.0000
10.5981 -7.3764 41.0000
10.7290 -7.7174 41.0000
10.8598 -7.9264 41.0000
10.9907 -7.9999 41.0000
11.1215 -7.9367 41.0000
11.2523 -7.7377 41.0000
11.3832 -7.4065 41.0000
11.5140 -6.9487 41.0000
11.6449 -6.3721 41.0000
11.7757 -5.6866 41.0000
11.9065 -4.9039 41.0000
12.0374 -4.0373 41.0000
12.1682 -3.1017 41.0000
12.2991 -2.1131 41.0000
12.4299 -1.0883 41.0000
12.5607 -0.0450 41.0000
12.6916 0.9991 41.0000
12.8224 2.0262 41.0000
12.9533 3.0186 41.0000
13.0841 3.9594 41.0000
13.2150 4.8325 41.0000
13.3458 5.6230 41.0000
13.4766 6.3173 41.0000
13.6075 6.9037 41.0000
13.7383 7.3721 41.0000
13.8692 7.7144 41.0000
14.0000 7.9249 41.0000
